PC1 = [-0.73846793 -0.6742886 ]
PC2 = [ 0.6742886  -0.73846793]

Projected Data:-
             0         1
0    -5.754080  0.373123
1    -7.246760 -1.166836
2    -9.207305 -0.050207
3    -7.167963 -0.829776
4    -8.600864 -0.510608
5    -7.678995 -0.546792
6   -10.255642 -0.874483
7    -7.136945 -0.084997
8    -7.687898 -0.931458
9    -6.609680 -0.278996
10   -6.623977 -0.359329
11   -6.683945 -0.179028
12   -7.438741 -0.165979
13   -9.359265 -0.360232
14   -7.831488 -0.186182
15   -8.438958 -0.231762
16   -8.125146  0.152500
17   -5.953108 -0.024128
18   -7.010093 -0.968797
19   -5.874749 -0.488424
20   -7.507533 -0.835964
21   -6.965537  0.404796
22   -6.226899  0.216180
23   -6.720176  0.075861
24   -7.133576 -1.022700
25   -7.522312 -0.355228
26   -7.580150 -1.033105
27   -6.971094 -0.879960
28   -8.597066 -0.272811
29   -4.421594 -0.749505
30   -7.545083 -0.828118
31   -7.180254 -1.040300
32   -7.264040  0.052960
33   -6.630462 -0.118304
34   -8.035566 -0.403168
35   -5.330747 -0.752141
36   -4.306945 -0.682210
37   -6.476723 -0.365157
38   -7.015641 -0.414812
39   -6.671377  0.121417
40   -8.158855 -0.221309
41   -6.000250  0.596875
42   -6.603341 -0.672192
43   -7.803433 -0.496724
44   -8.206927  0.030958
45   -7.605299 -0.836048
46   -8.178060 -0.092037
47   -7.189897 -0.505158
48   -6.197786 -0.462435
49   -7.745465 -0.226729
50   -5.654212 -0.659048
51   -5.384599 -0.401549
52   -6.720929 -0.458011
53   -7.676993 -0.208615
54   -8.108384 -0.300481
55   -7.076951 -0.615592
56   -6.063560  0.217436
57   -6.318062 -0.247582
58   -5.595506 -0.252030
59   -7.019969 -0.313355
60   -7.100271 -0.045087
61   -7.725731 -0.253430
62   -7.665571 -0.269870
63   -5.276647 -0.488910
64   -4.804605  0.437763
65   -9.897052 -0.227380
66   -4.952753  0.068293
67   -5.598419 -0.208600
68   -5.618415  0.283153
69   -7.223859 -0.271929
70   -6.442291 -0.796421
71   -6.281751 -0.290879
72   -7.850492 -0.314218
73   -6.817134  0.385831
74   -6.536844 -0.309827
75   -6.240907 -0.511938
76   -7.382302 -1.019846
77   -8.767692 -0.410351
78   -7.743711  0.249568
79   -9.461679 -0.845638
80   -5.882502  0.196843
81   -7.683800 -0.304790
82   -8.508964 -0.445975
83   -5.028704  0.370824
84   -6.207783 -0.716560
85   -7.443781 -0.147244
86   -9.000676 -0.729047
87   -5.893459 -0.128783
88   -6.456622  0.166565
89   -6.580534 -0.341665
90   -8.202950 -0.806761
91   -7.664426 -0.038981
92   -6.200932 -1.357608
93   -5.439138 -0.293046
94   -6.518540  0.100403
95   -7.903223 -0.150529
96   -5.923051  0.319286
97   -5.379453  0.001239
98   -6.364291 -0.020557
99   -8.652375 -0.799187
100  -8.041897 -0.639202
101  -7.575980 -0.305233
102  -8.955789 -0.218727
103  -8.288376 -0.053937
104  -8.041635 -0.005311
105  -6.176649 -0.199968
106  -6.419374 -0.481713
107  -5.944414 -0.329015
108  -3.991354 -0.433865
109  -7.170947  0.033267
110  -7.490349 -0.790281
111  -6.545321 -0.534160
112  -6.008136 -0.535218
113  -7.069488 -0.081940
114  -6.711665 -0.767974
115  -7.342161 -0.451695
116  -8.768410 -0.330705
117  -7.958967  0.155605
118  -6.719086 -0.207856
119  -8.572538 -0.032529
120  -7.518196 -0.440801
121  -6.209796  0.571574
122  -5.382912 -0.020911
123  -7.574696 -0.613142
124  -4.446304 -0.329994
125  -5.391371 -0.083333
126  -6.442643 -0.517287
127  -6.525627 -0.514369
128  -6.721488 -0.388352
129  -6.269065 -0.115330
130  -7.114488 -0.245185
131  -7.719952 -0.433577
132  -7.770500 -0.693181
133  -6.242454  0.047489
134  -9.089067 -0.223823
135  -6.354718 -0.508160
136  -6.038879 -0.166432
137  -6.694543 -0.581759
138  -6.943317 -0.274163
139  -8.990106  0.274289
140  -8.079914 -0.240960
141  -5.759774 -0.029716
142  -6.379908  0.092026
143  -4.613491 -0.177289
144  -5.605956 -0.737469
145  -5.940541  0.239116
146  -6.923478 -0.214715
147  -8.631534 -0.464374
148  -6.422498 -0.016990
149  -8.122793 -0.049297
150  -7.418046 -0.026823
151  -8.125634 -0.988562
152  -8.518471 -0.106366
153  -9.129780 -0.643473
154  -7.547964 -0.668147
155  -7.345125 -0.182794
156  -9.812683 -0.530588
157  -7.700907  0.232120
158  -6.999666 -0.427478
159  -5.357571 -0.091807
160  -6.519786 -0.920821
161  -6.307086  0.006742
162  -7.313832  0.425252
163  -6.552636  0.091203
164  -4.234984  0.097611
165  -7.899789 -0.432000
166  -6.203440 -0.838362
167  -7.282513  0.211748
168  -6.818218  0.299947
169  -6.336318 -0.319577
170  -7.334473 -0.849554
171  -8.147611  0.173640
172  -6.929990 -0.068832
173  -4.901721 -0.402873
174  -7.591894 -0.595845
175  -7.473924 -0.789338
176  -6.931654 -0.730719
177  -6.319555 -1.030845
178  -8.227702 -0.809264
179  -6.753431 -0.741239
180  -5.755237 -0.513496
181  -9.893186 -1.310522
182  -7.814973 -0.495609
183  -5.446540  0.316709
184  -7.502197  0.008503
185  -5.315451  0.537701
186  -7.739206 -0.080317
187  -6.356948  0.156959
188  -6.069085 -0.373168
189  -8.173918 -0.125009
190  -7.460053 -0.625217
191  -6.023581  0.522318
192  -7.998446 -0.450657
193  -5.895410 -0.799381
194  -6.065694 -0.371283
195  -8.572175 -0.053387
196  -5.522326 -0.230750
197  -6.976533 -0.287454
198  -5.937731 -0.169609
199  -8.377614 -0.107072
200  -6.545129 -1.225081
201  -5.031865 -0.423450
202  -6.869393 -0.593150
203  -3.608206  0.206093
204  -8.330369 -0.496916
205  -6.361828  0.693493
206  -9.913854  0.300620
207  -7.927532 -0.124813
208  -6.593676 -0.499218
209  -6.104655 -0.530388
210  -6.923428 -0.471601
211  -8.037309 -0.588341
212  -6.296997 -0.200492
213  -8.087682  0.044007
214  -6.543403 -0.279999
215  -5.347016 -1.053515
216  -4.799262 -0.333131
217  -3.875789 -0.511857
218  -6.583208  0.039797
219  -4.389249 -0.069243
220  -8.071244  0.116202
221  -7.348669 -0.288736
222  -7.850422 -0.128145
223  -4.388710 -0.178310
224  -6.792125 -0.320399
225  -5.402582 -0.949626
226  -6.937245  0.356566
227  -6.689401 -0.876361
228  -6.231360 -0.674481
229  -6.559799 -0.469219
230 -10.245526 -0.837703
231  -5.949645 -0.482012
232  -7.621627 -0.705240
233  -7.124781  0.115705
234  -6.430126 -0.387315
235  -6.280719  0.161238
236  -7.985995 -1.151606
237  -7.416193  0.009805
238  -5.476066 -0.511668
239  -6.461067 -0.660434
240  -6.632296 -0.920771
241  -5.321586 -0.047174
242  -8.805777 -0.454408
243  -7.546309 -0.004320
244  -6.729333 -0.672733
245  -4.010562  0.412179
246  -4.969225 -0.448792
247  -8.400068  0.521839
248  -4.747497 -0.214724
249  -7.687477 -0.166599
250  -6.127356 -0.340747
251  -6.997485  0.127307
252  -6.610691  0.594909
253  -5.931373  0.192043
254  -4.784522  0.498010
255  -6.928328 -0.866754
256  -5.938270  0.287382
257  -9.553215 -0.487854
258  -6.414293  0.083630
259  -5.903350  0.612495
260  -6.317438 -0.714816
261  -4.600063  0.246713
262  -7.683293 -0.145056
263  -8.541197 -1.358083
264  -6.863474  0.336683
265  -3.809057 -0.139926
266  -5.158126  0.165589
267  -4.633893 -0.014682
268  -7.088509 -0.788643
269  -7.176522 -0.715785
270  -6.917812 -0.654073
271  -7.678249 -0.084178
272  -5.860955 -0.522126
273  -5.929653 -0.999311
274  -4.911783 -0.185261
275  -9.223388 -0.316165
276  -3.905857  0.084833
277  -7.962441 -0.432916
278  -3.768335 -0.226659
279  -7.770749 -0.354298
280  -6.200011 -0.070198
281  -6.964069 -0.158645
282  -7.130657 -0.247610
283  -5.706519  0.653177
284  -8.936733 -0.345881
285  -7.214902 -0.258005
286  -7.721647 -0.305409
287  -8.295986 -0.562330
288  -7.288059 -0.874247
289  -8.157596  0.189750
290  -8.578877 -1.164041
291  -5.187012 -0.620787
292  -7.306148 -0.558518
293  -8.539623 -0.956288
294  -7.552924 -0.309988
295  -7.474921 -0.447689
296  -8.531204 -0.289278
297  -7.996752 -0.548340
298  -7.072185 -0.452948
299  -6.907523  0.070987
300  -6.673264 -0.422429
301  -8.432571 -0.361207
302  -5.380596 -0.350701
303  -8.470633 -0.331730
304  -8.266039 -0.469103
305  -6.743066 -0.439974
306  -9.469793 -0.314044
307  -6.236385 -0.666913
308  -7.474605 -0.464789
309  -8.127956 -0.196326
310  -7.421407 -0.321296
311  -6.892056 -0.441800
312  -6.690639 -1.213233
313  -7.898484 -0.118379
314  -7.256336  0.237828
315  -5.970495 -0.036096
316  -8.418554 -0.344798
317  -8.087543 -0.346529
318  -7.989666 -0.376343
319  -7.315723 -0.232896
320  -7.152679 -0.193832
321  -8.260517 -0.509319
322  -6.328507  0.437538
323  -5.302943 -0.315531
324  -6.989076 -0.796133
325  -5.865138  0.115728
326  -7.625668 -0.034044
327  -8.046650 -0.347460
328  -6.305132 -0.387532
329  -6.990965 -0.878992
330  -7.997560 -0.056219
331 -10.555251 -0.802654
332  -6.610195 -0.160456
333  -9.470040 -0.132961
334  -6.477272 -0.035341
335  -7.970734 -0.675233
336  -8.637769 -0.542375
337  -8.280399 -0.706992
338  -8.146924  0.615216
339  -6.713583 -0.173221
340  -5.907463 -0.012515
341  -7.886044  0.010458
342  -7.439344 -0.009968
343  -4.345608 -0.335343
344  -6.153787 -0.129642
345  -5.511237  0.122899
346  -7.996767 -0.556997
347  -5.556394 -0.078532
348  -7.330619 -0.220221
349  -6.007265  0.484609
350  -6.882447 -0.371780
351  -9.607683  0.465845
352  -9.095042 -0.439437
353  -6.270916 -0.400154
354  -6.379735 -0.422149
355  -6.204361  0.420932
356  -8.563895 -0.772110
357  -5.382713 -0.037141
358  -7.519795 -0.342014
359  -6.926995 -0.457935
360  -8.266952 -0.487233
361  -8.107629 -0.424409
362  -7.201374 -0.039538
363  -5.592709 -0.036209
364  -5.410627 -0.113931
365  -5.090689 -0.031297
366  -7.217997  0.055401
367  -6.992433  0.006029
368  -7.270877 -0.529327
369  -5.461135  0.077654
370  -7.493201 -0.816230
371  -7.786867 -0.768426
372  -5.307191  0.425733
373  -8.020729 -0.265166
374  -7.842461  0.245756
375  -9.693890 -0.462127
376  -4.022528  0.159992
377  -7.120301 -0.449038
378  -8.876227 -0.119864
379  -7.664211 -0.138733
380  -6.287326 -0.184568
381  -7.236652 -0.290537
382  -5.741670 -0.970628
383  -5.947755  0.030945
384  -5.891708 -0.303019
385  -6.434004 -0.199742
386  -5.496507 -0.453994
387  -8.669113 -0.561611
388  -6.886890 -0.379774
389  -7.836877 -0.886505
390  -8.376169 -0.622855
391  -6.382258 -0.255276
392  -6.690949  0.215825
393  -6.860628  0.014255
394  -6.064727  0.451710
395  -6.262778 -0.442002
396  -6.433399 -0.335731
397  -6.629945 -1.175141
398  -7.057330 -0.135420
399  -6.974758 -1.489200
400  -6.220923 -0.557332
401  -8.817811 -0.532878
402  -6.489514  0.031819
403  -7.033212 -0.829465
404  -7.550535 -0.123357
405  -7.063108 -0.045090
406  -6.765485  0.382723
407  -6.256281 -0.196512
408  -5.212817 -0.354438
409  -8.508449 -0.394382
410  -7.348572 -0.399889
411  -6.488719 -0.145214
412  -6.481048  0.185759
413  -7.567590 -0.255795
414  -6.997898 -0.736186
415  -6.809609 -0.012254
416  -6.726122  0.102452
417  -6.888237 -0.665347
418  -9.754534 -0.921831
419  -7.715086 -0.847095
420  -5.354916 -0.111162
421  -7.073125 -0.651059
422  -6.988445 -0.743940
423  -7.838713 -0.982735
424  -9.189889 -0.861004
425  -5.612411 -0.636100
426  -6.591921 -0.386018
427  -6.627282  0.074578
428  -7.805001 -0.275250
429  -8.178166  0.118293
430  -6.578921  0.195961
431  -7.486992 -0.276426
432  -6.337796  0.442013
433  -6.785066 -0.189188
434  -6.642901  0.142669
435 -11.641555 -0.779662
436  -6.940853  0.615122
437  -7.633445 -0.759627
438  -6.258487 -0.123200
439  -6.423458  0.137686
440  -5.545180  0.356740
441  -7.250016 -0.445942
442  -8.175578 -0.618741
443  -7.919349 -0.478036
444  -8.033774 -0.156189
445  -6.983295 -0.885004
446  -7.316581 -0.399465
447  -4.835932 -0.518200
448 -10.301432 -0.337273
449  -6.898043 -0.779425
450  -6.941902  0.129218
451  -7.600719 -0.230928
452  -7.280771 -0.032170
453  -7.064575 -0.501713
454  -3.994096  0.155444
455  -6.140747 -0.476571
456  -8.960360 -0.673431
457 -10.874445 -0.697561
458  -7.262651 -0.163890
459  -3.778004  0.246781
460  -5.904182 -0.953605
461  -8.025784 -0.657131
462  -6.758549 -0.069930
463  -7.870138 -0.318419
464  -4.154663 -0.099397
465  -8.930515 -0.610980
466  -6.543235 -0.192727
467  -6.668699  0.133219
468  -7.007274  0.049764
469  -7.231016 -1.287663
470  -9.011545 -0.771120
471  -7.168768 -0.278300
472  -5.673641 -0.069179
473  -9.921262 -0.866611
474  -6.996335  0.312721
475  -7.129814 -0.435027
476  -8.654329 -1.146385
477  -4.698637 -0.114872
478  -9.161840 -1.050464
479  -8.187921 -0.146120
480  -7.064970 -0.263035
481  -9.381414 -0.171776
482  -5.953448 -0.485179
483  -6.603013 -0.209876
484  -6.487974 -1.161862
485  -5.172801 -0.745680
486  -6.547827 -0.309675
487  -9.344806 -0.776337
488  -6.782528 -0.907024
489  -6.057626  0.180934
490  -8.010061 -1.017991
491  -8.024601 -0.773298
492  -7.223054 -1.053799
493  -7.476372 -0.389827
494  -6.093585 -0.365977
495  -7.682727 -0.282278
496  -8.901020 -0.093747
497  -8.315357 -0.540982
498  -9.398894  0.022570
499  -6.566988 -1.105395
500  -8.658188 -0.472496
501  -6.528470 -0.578553
502  -7.464940 -0.082052
503 -10.043683 -0.778524
504  -7.744132 -0.829393
505  -7.104987 -0.944174
506  -9.496171 -0.868181
507  -6.767856 -0.688325
508  -9.056469 -1.112821
509  -5.923025 -0.253175
510  -8.408438 -0.005408
511  -6.923754 -0.711337
512  -7.513395 -0.265425
513  -8.724647 -0.179198
514  -5.969161  0.030711
515  -7.456087 -0.358105
516  -5.444901 -0.240652
517  -3.482181  0.372338
518  -6.253015 -0.026936
519  -5.198211 -0.245433
520  -8.367882 -0.299351
521  -7.956308 -0.155248
522  -9.145807 -0.371437
523  -6.956532 -0.052405
524  -6.086816 -0.317468
525  -7.110759 -0.456524
526  -7.522823 -0.438129
527  -4.735658 -0.701883
528  -7.147840 -0.710164
529  -7.127595 -0.698519
530  -5.553116 -0.440937
531  -7.254361 -0.827367
532  -7.387158 -0.590633
533  -8.683531 -0.163832
534  -7.323321 -0.630598
535  -6.015100 -0.349910
536  -9.741176 -0.847846
537  -6.953088 -0.175757
538  -8.536093 -1.747471
539  -7.071372 -0.411176
540  -4.935421 -0.449619
541  -6.816689 -0.304307
542  -5.500144 -0.041908
543  -6.232786  0.014487
544  -8.125444  0.057340
545  -6.328844 -1.006069
546  -4.308998  0.182617
547  -7.446064 -0.529064
548  -5.517558 -1.026678
549  -5.994503 -0.086646
550  -5.685837 -0.654421
551  -6.447115 -0.160526
552  -8.018931 -0.125606
553  -9.120691 -0.522970
554  -5.272464 -0.299708
555  -8.565371 -0.321888
556  -6.570583 -0.195361
557  -6.655170  0.155645
558  -7.289826  0.073881
559  -8.889047 -0.815570
560  -9.129619 -0.404015
561  -6.768242 -0.563249
562  -8.359186 -0.378267
563  -6.501727 -0.587173
564  -9.606674 -0.895986
565  -6.044564 -0.170146
566  -7.549936  0.226670
567  -7.745639 -0.741859
568  -6.605606  0.440727
569  -7.636367 -0.243171
570  -2.758834 -0.017501
571 -10.471445 -1.127241
572  -5.958831 -0.296836
573  -5.444978 -0.303705
574  -6.653690 -0.865348
575  -5.824701 -0.232793
576  -5.857129 -0.196497
577  -6.123184  0.371411
578  -4.623624  0.262543
579  -9.369122 -0.556476
580  -8.747068 -0.231786
581  -5.850094  0.318692
582  -4.631144 -0.235475
583  -6.969753 -0.077632
584  -6.759351 -0.142070
585  -5.839222 -0.663397
586  -5.316985  0.339940
587  -3.968167 -0.067654
588  -6.247482  0.177946
589  -4.528451 -0.448132
590  -6.314750 -0.580922
591  -6.735733 -0.550947
592  -5.523880 -0.622719
593  -6.245914 -0.798740
594  -8.494391 -0.450080
595  -8.227871 -0.411686
596  -5.940333  0.195295
597  -6.710605 -0.785062
598  -6.535644 -0.263503
599  -7.052781 -0.161189
600  -8.029922 -0.624172
601  -8.875431 -0.244384
602  -8.854306 -0.386091
603  -7.820488 -0.269578
604  -7.446124 -0.432870
605  -6.573334 -0.703443
606  -8.621961 -1.382233
607  -7.546912 -0.494448
608  -9.302681 -0.750526
609  -5.040981  0.195132
610  -6.286561 -0.177638
611  -7.879366 -0.691070
612  -7.294021 -0.810659
613  -7.307386  0.085533
614  -6.681905 -0.584139
615  -8.820043 -0.473797
616  -7.534986 -0.563205
617  -8.293061 -0.076657
618  -5.675081 -0.069360
619  -8.341412 -0.358725
620  -4.913282 -0.603355
621  -5.338946  0.271720
622  -8.137201 -1.313843
623  -5.629394 -0.347663
624  -8.741666  0.183630
625  -8.223810  0.160120
626  -8.612204 -0.267162
627  -6.254921 -0.328306
628  -6.038566 -0.648758
629  -6.733424 -0.099853
630  -5.782932 -0.214297
631  -7.414447 -0.314219
632  -6.955903  0.022484
633  -7.261721 -0.490564
634  -9.101324 -0.506700
635  -7.904437 -0.527455
636  -7.224662  0.064212
637  -6.421360  0.258706
638  -8.528404 -1.140512
639  -7.797811 -0.763189
640  -8.462880 -0.272883
641  -7.879907 -0.449457
642  -5.311442 -0.222827
643  -7.163267 -0.236362
644  -7.574122 -0.209466
645  -8.101323 -1.161535
646  -7.872418 -0.248943
647  -6.696517 -0.273093
648  -6.404009 -0.555341
649  -7.699985 -0.322803
650  -6.571150 -0.173972
651  -7.422007 -0.566228
652  -8.420159 -1.095006
653  -8.342232  0.183025
654  -5.820762 -0.102752
655  -6.222394 -0.541458
656  -8.072801 -0.088338
657  -8.643136 -0.250608
658  -6.884609 -0.121875
659  -7.613601 -0.360956
660  -6.944600 -0.249753
661  -8.731624 -0.107137
662  -5.111886  0.274769
663  -5.043390  0.155118
664  -8.256420 -0.023856
665  -7.283469 -0.078021
666  -5.031595 -0.234324
667  -5.768440  0.298177
668  -8.306660 -0.325234
669  -8.869347 -0.443260
670  -7.070079 -0.431892
671  -6.109046 -0.329454
672  -8.018603 -0.098796
673  -8.005509  0.068111
674  -8.929001  0.035132
675  -5.404127  0.051199
676  -7.013102 -0.512560
677  -7.693033 -0.280944
678  -8.242106 -0.343055
679  -6.034230 -0.151615
680  -8.929929 -0.343223
681  -6.770831 -0.625117
682  -8.139886 -0.179407
683  -6.211985 -0.092525
684  -9.570630 -0.346327
685  -6.125799 -0.553041
686  -5.352772  0.754680
687  -7.070495  0.368220
688  -3.609552 -0.137888
689  -7.841991 -0.691780
690  -6.925989 -0.218278
691  -6.248129 -0.256630
692  -5.216121 -0.520280
693  -7.483643 -0.390539
694  -9.074940  0.095688
695  -5.739092 -0.662175
696  -5.891767 -0.030803
697  -7.630827 -0.575394
698  -4.580633  0.224851
699  -5.362379 -0.274638
700  -6.074875 -0.474733
701  -7.954821  0.329087
702  -7.096910 -0.005123
703  -8.952130 -0.626198
704  -8.998906 -0.664174
705  -6.469569 -0.231255
706  -5.920946  0.291365
707  -5.120162 -0.372236
708  -6.931804  0.203260
709  -6.565048 -0.438688
710  -5.956891 -0.419222
711  -5.731856 -0.310776
712  -6.748808 -0.253137
713  -7.014781 -0.430933
714  -6.775771 -0.890992
715  -3.954457  0.339087
716  -9.056858 -1.176360
717  -7.723357 -0.372163
718  -7.494207  0.135688
719  -5.999831 -0.484300
720  -8.260910 -0.517404
721  -9.447912 -0.323202
722  -6.614120  0.214838
723  -7.152431 -0.624316
724  -8.659602 -0.380876
725  -7.155746  0.186755
726  -7.713760  0.114494
727  -5.891287 -0.275197
728  -8.945117 -0.607824
729  -7.564836  0.067193
730  -6.418276 -0.492039
731  -7.839310 -0.363722
732  -6.206556 -0.336457
733  -8.519070 -0.608737
734  -7.094949 -0.417767
735  -6.495643  0.202316
736  -9.555487 -0.554810
737  -9.528235 -0.419824
738  -5.339111 -0.399060
739  -5.517817 -0.105467
740  -8.974079 -1.114439
741  -8.102164 -0.334094
742  -6.994470 -0.194675
743  -6.793490  0.285547
744  -5.709269 -0.155612
745  -8.102457 -0.964009
746  -8.103872 -0.991690
747  -7.235889  0.331464
748  -5.783556 -0.500636
749  -7.760383 -0.403697
750  -6.485257  0.331974
751  -8.725437  0.070677
752  -6.389160 -0.168453
753  -7.016017 -0.195717
754  -8.497283 -1.114759
755  -8.331785 -0.796377
756  -7.830225 -0.020372
757  -6.707046 -0.439027
758  -8.955711 -0.029503
759  -7.394169 -0.659495
760  -5.227006 -0.110194
761  -6.913252  0.095125
762  -5.536077  0.441479
763 -11.007754 -0.383323
764  -6.554287 -0.820082
765  -6.275332 -0.308999
766  -7.231211 -0.401065
767  -6.766920 -0.295561
768  -7.293262 -0.350690
769  -7.600770 -0.791263
770  -7.515705 -0.381632
771  -8.162855 -0.750392
772  -6.482964 -0.191758
773  -5.263192 -0.445447
774  -8.336084 -0.653654
775  -5.680136  0.079318
776  -4.988448  0.077642
777  -8.533364 -0.773414
778  -8.252185 -0.448999
779  -5.855835 -0.362640
780  -7.002627 -0.174874
781  -4.579895 -0.226984
782  -8.493271 -0.996716
783  -9.273971 -0.360868
784  -6.077094 -0.476371
785  -6.039615 -0.639239
786  -3.872357 -0.005017
787  -7.035825  0.187316
788  -5.602827 -0.531964
789  -7.032633 -0.274477
790  -5.887373  0.013292
791  -7.321434 -0.187244
792  -7.617392 -0.302925
793  -6.277502 -0.400000
794  -6.940844 -0.496674
795  -7.930416 -0.836182
796  -5.765563 -0.361017
797  -4.771326  0.228282
798  -9.274002 -0.507065
799  -6.796551  0.097905
800  -9.074426 -0.693893
801  -7.249581 -0.509993
802  -8.962538 -0.417772
803  -5.926406 -0.276735
804  -7.680997 -0.411725
805  -8.462067 -0.450184
806  -6.027539  0.213042
807  -8.552929 -0.454673
808  -9.554117 -0.658483
809  -7.207637 -0.111317
810  -7.945992 -0.421070
811  -6.243030 -0.583936
812  -5.212281 -0.407711
813  -8.101484 -0.588121
814  -6.878923 -0.528658
815  -8.685906 -0.947146
816  -7.609736 -0.092572
817  -6.404060  0.142253
818  -6.592769 -0.443856
819  -7.970036  0.058722
820  -5.605120 -0.206939
821  -7.168929 -0.304155
822  -5.079500 -0.198639
823  -5.377333 -0.299628
824  -7.406358 -0.199956
825  -8.408848 -0.584744
826  -7.061193  0.106164
827  -7.939916 -0.381947
828  -6.183336  0.130585
829  -5.170754  0.249100
830  -7.586732  0.047960
831  -7.643640 -0.746089
832  -5.493839 -0.295334
833  -6.246466 -0.551860
834  -6.649475 -0.561466
835  -6.824914 -0.775042
836  -6.035482  0.403608
837  -6.742603  0.101256
838  -7.095225  0.186080
839  -5.763902  0.211346
840  -7.454873 -0.164178
841  -8.837363 -0.150247
842  -6.713089 -0.108647
843  -7.420865 -0.142214
844  -5.230707 -0.541842
845  -7.600918 -0.451965
846  -6.123628 -0.277762
847  -6.205289 -0.425415
848  -5.279547 -0.917137
849  -6.303719 -0.021902
850  -6.725010 -0.074836
851  -7.257412 -0.462622
852 -10.534354 -0.814197
853  -5.954409 -0.056366
854  -7.386013 -0.355348
855  -7.490363  0.330126
856  -5.495138 -0.144192
857  -6.785306 -0.263784
858  -7.867516 -0.791218
859  -5.435975 -0.055554
860  -7.040775 -0.963170
861  -8.556141 -0.715967
862  -8.156590 -0.245950
863  -6.672351 -0.063902
864  -8.023414 -1.005434
865  -7.076490 -0.358737
866  -7.217027 -0.314119
867  -6.373523 -0.354274
868  -8.112150 -0.603334
869  -5.716687 -0.647110
870  -8.665954  0.026723
871  -6.051221 -0.210327
872  -9.222471 -0.344554
873  -6.101203  0.033537
874  -6.757197 -0.689980
875  -6.974805 -0.561394
876  -5.413919 -0.573922
877  -9.337047 -0.838738
878  -5.601787  0.140062
879  -7.261337 -0.095691
880  -8.785668 -0.686014
881  -6.803906 -0.669149
882  -7.215116 -0.557088
883  -5.023304  0.173454
884  -6.392198 -0.182103
885  -8.496900 -0.952421
886  -5.767470 -0.498568
887  -4.131406 -0.110881
888  -6.117133 -0.422719
889  -5.919935 -0.081771
890  -7.852847 -0.653763
891  -7.201561 -0.299227
892  -8.720392 -0.071196
893  -7.035881 -0.307657
894  -7.875185 -0.361483
895  -7.032832  0.194589
896  -6.876886  0.271877
897  -6.322962 -0.397320
898  -6.153261 -0.143266
899  -9.215075 -0.706752
900  -5.346900  0.011840
901  -8.592919  0.278315
902  -8.635991 -1.075888
903  -5.887528 -0.201672
904  -6.631907 -0.745071
905  -6.438576 -0.089824
906  -7.542198 -0.315473
907  -6.394534 -0.197082
908  -4.078926  0.115184
909  -5.514436 -0.048451
910  -7.723561 -0.497852
911  -6.860855  0.073336
912  -7.492628 -0.238788
913  -7.573479 -0.398701
914  -8.671603 -0.132974
915  -6.989327 -0.242510
916  -5.805277 -0.522605
917  -4.731479 -0.119791
918  -6.837836  0.014051
919  -5.301776  0.011855
920  -9.140427 -1.155783
921  -7.567747 -0.372258
922  -6.363723 -0.290538
923  -6.960750 -0.315872
924  -8.802755 -0.365045
925  -6.945919 -0.840446
926  -6.615915 -0.689509
927  -7.789973 -0.740745
928  -6.406969 -0.118613
929  -6.663582 -0.022904
930  -7.845885 -0.162827
931  -7.588236  0.308438
932  -7.975419 -0.267655
933  -6.767316 -0.621281
934  -5.719731 -0.384539
935  -5.372749 -0.793403
936  -6.759988 -0.494612
937  -6.072066  0.429689
938 -10.357428 -0.233328
939  -6.666007 -1.007680
940  -7.488656 -0.087801
941  -5.642433 -0.239734
942  -7.717392 -0.232976
943 -10.045061 -0.424662
944  -7.701017 -0.529171
945  -8.179256 -0.405878
946  -6.170555 -0.330042
947  -6.819384  0.011130
948  -6.695345  0.109940
949  -6.575143  0.210740
950  -7.319965 -0.656403
951  -8.578352 -0.299426
952  -7.112501 -0.764547
953  -7.239689 -0.530813
954  -5.921767  0.013300
955  -7.193700 -0.407663
956  -8.923100  0.146096
957  -7.227002 -0.646298
958  -7.485781 -0.051458
959  -7.542182 -0.569710
960  -5.874159 -0.395353
961  -5.647843  0.003921
962  -8.246870 -0.571088
963  -7.042068 -0.130598
964  -7.730250 -0.514699
965  -4.929801  0.461399
966  -6.930590 -1.352088
967  -6.063951  0.021484
968  -7.919965 -0.216127
969  -4.468176 -0.312723
970  -6.118656 -0.801305
971  -6.788688 -0.308556
972  -8.011194 -0.024682
973  -6.899106 -0.151216
974  -5.751788 -0.148173
975  -5.899168 -0.253675
976  -6.358315 -0.417428
977 -11.487535 -0.869755
978  -6.291614 -0.247824
979  -8.180487 -0.568719
980 -10.437739 -0.030664
981  -9.047251 -0.649256
982  -8.049779 -0.661719
983  -7.444021 -0.416247
984  -6.769313 -0.098891
985  -8.741261 -0.363546
986  -8.019984 -0.485703
987  -8.957385 -0.953863
988  -7.383196 -0.072228
989  -9.034432 -0.624749
990  -7.874803 -0.025946
991  -6.503460 -0.181708
992  -6.496772 -0.863033
993  -6.569984 -0.287299
994  -7.007005 -0.735160
995  -4.563146 -1.012671
996  -6.781345  0.232175
997  -7.768256 -0.398176
998  -6.222650 -0.468079